100
8
111
111
111
100
101
111
010
111
4
111
111
101
101
5
000
111
111
111
101
8
111
101
111
011
100
101
101
111
15
111
110
101
000
101
100
010
011
001
100
011
100
101
111
000
5
010
011
011
011
111
20
001
110
001
101
010
010
110
100
011
101
011
010
000
110
011
100
100
001
001
101
13
010
010
101
001
001
011
110
100
001
101
010
000
100
4
001
010
001
001
10
111
110
011
011
011
010
000
001
101
010
9
011
111
101
100
011
111
010
101
001
4
111
001
111
010
14
101
101
010
101
010
011
010
111
001
100
111
111
011
101
13
001
011
000
010
100
001
111
110
011
010
000
001
010
13
000
011
101
100
000
111
011
100
000
101
011
101
101
9
100
101
011
011
111
010
011
001
110
13
101
000
111
001
100
000
001
100
011
000
111
101
011
2
001
001
12
101
000
011
101
010
001
100
101
111
001
010
011
9
100
101
110
000
110
110
001
001
011
15
101
001
010
110
000
010
101
110
010
100
011
110
001
110
001
10
101
010
110
101
001
111
100
010
100
110
3
001
010
110
3
110
000
100
6
100
000
111
011
100
110
11
101
101
101
010
111
001
110
110
011
010
110
10
011
111
010
111
001
101
111
001
110
011
14
100
001
000
110
011
100
010
110
000
000
000
101
100
011
4
101
110
111
101
8
011
101
000
101
001
011
011
001
15
110
011
101
101
001
001
100
010
001
111
110
001
001
100
011
18
110
011
010
011
010
110
100
000
000
110
111
101
011
101
111
110
101
101
5
001
001
011
100
000
13
101
110
110
010
011
110
000
011
100
011
001
000
100
13
010
010
110
011
000
101
001
100
110
001
101
000
110
6
111
000
011
100
000
001
16
100
110
111
101
001
000
000
000
110
000
001
000
110
010
111
111
9
000
111
111
010
011
101
011
100
101
16
001
101
111
101
110
001
010
001
101
001
110
101
010
110
110
110
2
001
000
1
101
14
111
111
110
100
110
011
000
001
101
101
100
100
110
101
2
000
011
17
100
011
000
011
111
011
011
001
010
010
110
111
011
100
010
011
110
16
101
011
011
010
000
111
101
101
001
010
010
000
110
111
110
111
15
000
011
010
010
001
101
000
110
101
011
111
010
101
101
110
11
001
000
010
110
011
001
011
010
001
110
110
20
100
110
000
001
111
111
101
000
110
010
011
100
101
001
111
000
110
001
100
101
4
000
011
000
001
5
011
001
010
110
010
2
110
010
14
000
001
111
001
000
000
100
010
001
101
111
001
101
011
8
001
011
011
111
100
010
100
010
4
001
110
111
100
11
001
011
000
010
000
101
001
000
000
111
011
8
000
000
110
011
110
110
011
111
15
000
101
110
101
111
001
011
100
101
001
001
010
100
101
100
9
010
001
100
110
011
001
010
011
101
14
001
010
101
111
111
101
100
011
010
010
001
000
000
111
14
100
111
000
101
011
111
001
011
110
110
011
100
101
001
8
001
101
100
101
011
000
110
111
12
110
110
011
101
011
011
111
000
100
101
111
100
10
001
110
001
101
010
100
000
000
110
101
7
000
111
001
001
101
010
110
4
110
101
000
011
20
011
000
111
111
111
111
001
100
010
011
011
101
010
110
010
001
100
100
101
010
19
000
100
011
010
010
111
011
110
111
111
101
101
100
011
011
000
000
010
111
6
000
101
100
011
000
111
16
010
011
101
011
000
101
110
001
001
010
011
110
111
000
000
011
13
101
110
000
001
101
001
110
111
010
101
100
101
011
18
101
010
010
001
110
011
111
000
010
000
011
110
010
110
100
100
010
100
14
001
110
011
100
011
101
000
101
110
010
100
111
100
100
14
100
101
010
100
001
000
110
000
010
011
110
100
101
101
1
001
17
101
101
000
001
011
101
110
001
111
001
111
001
110
001
011
100
110
5
011
011
100
100
100
7
001
010
001
010
001
011
001
13
000
111
111
101
100
110
010
110
111
010
001
000
011
6
011
000
011
000
111
110
7
111
110
101
101
100
011
110
1
001
14
011
010
000
110
001
110
011
001
100
011
101
101
110
101
17
111
111
001
011
101
100
001
010
001
100
000
010
001
000
111
011
111
20
101
110
110
000
100
111
100
000
001
001
110
101
010
101
010
101
110
100
001
101
7
111
000
010
000
101
001
011
17
110
101
001
101
101
001
001
110
001
001
010
001
110
000
101
101
111
7
001
110
000
001
011
010
001
6
010
111
010
101
111
111
19
001
110
001
011
011
101
010
111
100
010
100
000
011
011
111
111
100
100
010
17
000
100
111
010
010
000
011
000
011
011
101
001
110
111
001
111
010
8
011
000
000
001
110
101
001
000
18
110
000
000
100
101
111
000
111
100
000
111
111
001
101
101
110
010
000
8
000
110
001
111
101
000
101
011
17
110
000
010
010
011
011
011
101
110
100
100
010
101
001
011
001
010
8
010
110
001
101
010
000
110
111
8
010
111
010
100
011
001
110
111
11
111
001
110
001
011
001
101
011
001
010
100
4
101
110
111
111
11
111
000
000
000
001
001
001
100
111
010
011
19
010
000
010
101
111
101
111
110
010
001
111
111
111
110
010
111
001
110
000
